Exmaple Sheet of range data type
-------------------------------------------------------------------------
Q1) 0  1   2    3    4   5    6    7   8   9   10

Q2) 10  11  12   13   14  15  16  17  18   19  20

Q3)  1000   1001   1002  1003  1004   1005
------------------------------------------------------------------------
Q4)  10  12   14   16   18   20
Q5)  100   110   120  130   140  150 160 170  180  190  200
--------------------------------------------------------------------------------
Q6) 10  9  8   7  6  5   4   3   2   1
Q7) 100 90   80  70  60  50  40  30  20  10  0
-------------------------------------------------------------------------------
Q8)  -10  -11  -12   -13   -14   -15
Q9) -100  -90  -80  -70  -60  -50  -40  -30  -20  -10 
-------------------------------------------------------------------------------
10) -5  -4  -3   -2  -1  0   1   2   3  4   5 
-------------------------------------------------------------------------------
